pixel_6 color_3 0 16 0 0 219.25 0 255 0 0 0 0 0 0 0 0 0 0 0;
pixel_6 color_2 0 16 0 0 255 0 255 0 0 0 0 0 0 0 0 0 0 0;
pixel_6 color_1 255 16 255 255 0 0 255 255 0 0 0 0 0 0 0 0 0 0;
pixel_5 color_3 0 16 0 0 219.25 0 255 0 0 0 0 0 0 0 0 0 0 0;
pixel_5 color_2 0 16 0 0 255 0 255 0 0 0 0 0 0 0 0 0 0 0;
pixel_5 color_1 255 16 255 255 0 0 255 255 0 0 0 0 0 0 0 0 0 0;
pixel_4 color_3 0 16 0 0 219.25 0 255 0 0 0 0 0 0 0 0 0 0 0;
pixel_4 color_2 0 16 0 0 255 0 255 0 0 0 0 0 0 0 0 0 0 0;
pixel_4 color_1 255 16 255 255 0 0 255 255 0 0 0 0 0 0 0 0 0 0;
pixel_3 color_3 0 16 0 0 219.25 0 255 0 0 0 0 0 0 0 0 0 0 0;
pixel_3 color_2 0 16 0 0 255 0 255 0 0 0 0 0 0 0 0 0 0 0;
pixel_3 color_1 255 16 255 255 0 0 255 255 0 0 0 0 0 0 0 0 0 0;
pixel_2 color_3 255 16 255 255 219.25 0 255 0 0 0 0 0 0 0 0 0 0 0;
pixel_2 color_2 255 16 255 255 255 0 255 0 0 0 0 0 0 0 0 0 0 0;
pixel_2 color_1 255 16 255 255 0 0 255 255 0 0 0 0 0 0 0 0 0 0;
pixel_1 color_3 255 16 255 0 219.25 0 255 0 0 0 0 0 0 0 0 0 0 0;
pixel_1 color_2 255 16 255 0 255 0 255 0 0 0 0 0 0 0 0 0 0 0;
pixel_1 color_1 255 16 255 255 0 0 255 255 0 0 0 0 0 0 0 0 0 0;
moteur_pixel amplitude 65.59 16 65.59 65.59 0 0 0 0 0 0 0 0 0 0 0 0 0 0;
moteur_pixel déphase 36.56 16 36.56 36.56 0 0 0 0 0 0 0 0 0 0 0 0 0 0;
moteur_pixel dureté 73.12 16 73.12 73.12 0 0 0 0 0 0 0 0 0 0 0 0 0 0;
moteur_pixel vitesse 58.06 16 58.06 58.06 0 0 0 0 0 0 0 0 0 0 0 0 0 0;
