projo_pantilt_4 mode3 0 16 0 0 0 0 0 0 0 0 0 0 0 0 0 0 0 0;
projo_pantilt_4 mode2 0 16 0 0 0 0 0 0 0 0 0 0 0 0 0 0 0 0;
projo_pantilt_4 mode1 0 16 0 0 0 0 0 0 0 0 0 0 0 0 0 0 0 0;
projo_pantilt_4 lumiere3 0 16 0 0 0 0 0 0 0 0 0 0 0 0 0 0 0 0;
projo_pantilt_4 lumiere2 0 16 0 0 0 0 100 0 0 0 0 0 0 0 80 0 0 0;
projo_pantilt_4 lumiere1 100 16 0 100 100 100 100 100 100 100 0 0 0 100 80 0 0 0;
projo_pantilt_4 rotation -68.34 16 139.73 63.43 -87.19 101.25 -89.18 -3.59 140 -68.34 -89.18 -89.18 -89.18 -89.18 140 -84.5 -84.5 -84.5;
projo_pantilt_4 pantilt_2 -12.49 16 -7.14 -12.5 -12.5 -7.14 -16.07 -14.28 -14.28 -12.49 -16.07 -16.07 -16.07 -16.07 -13.57 -11.78 -11.78 -11.78;
projo_pantilt_4 pantilt_1 74.54 16 21.87 -100 100 -100 94.54 63.87 63.87 74.54 94.54 94.54 94.54 94.54 54.67 100 100 100;
projo_pantilt_3 mode3 0 16 0 0 0 0 0 0 0 0 0 0 0 0 0 0 0 0;
projo_pantilt_3 mode2 0 16 0 0 0 0 0 0 0 0 0 0 0 0 0 0 0 0;
projo_pantilt_3 mode1 0 16 0 0 0 0 0 0 0 0 0 0 0 0 0 0 0 0;
projo_pantilt_3 lumiere3 0 16 0 0 0 0 0 0 0 0 0 0 0 0 0 0 0 0;
projo_pantilt_3 lumiere2 0 16 0 0 0 0 100 0 0 0 0 0 0 0 80 0 0 0;
projo_pantilt_3 lumiere1 100 16 0 100 100 100 100 100 100 100 0 100 0 0 80 0 0 0;
projo_pantilt_3 rotation -91.56 16 140 -2.65 -89.57 63.04 -88.91 -1.33 140 -91.56 -88.91 -88.91 -88.91 -88.91 140 -44.72 -44.72 -44.72;
projo_pantilt_3 pantilt_2 3.57 16 0 -1.79 7.14 1.78 3.57 1.78 1.78 3.57 3.57 3.57 3.57 3.57 7.85 -1.07 -1.07 -1.07;
projo_pantilt_3 pantilt_1 69.33 16 6.45 30.67 87.34 -100 100 -36 -36 69.33 100 100 100 100 -56.67 15.59 15.59 15.59;
projo_pantilt_2 mode3 0 16 0 0 0 0 0 0 0 0 0 0 0 0 0 0 0 0;
projo_pantilt_2 mode2 0 16 0 0 0 0 0 0 0 0 0 0 0 0 0 0 0 0;
projo_pantilt_2 mode1 0 16 0 0 0 0 0 0 0 0 0 0 0 0 0 0 0 0;
projo_pantilt_2 lumiere3 0 16 0 0 0 0 0 0 0 0 0 0 0 0 0 0 0 0;
projo_pantilt_2 lumiere2 0 16 0 0 0 0 100 0 0 0 0 0 0 0 80 0 0 0;
projo_pantilt_2 lumiere1 100 16 0 100 100 100 100 100 100 100 100 0 0 0 80 0 0 0;
projo_pantilt_2 rotation -95.55 16 140 -116.11 14.6 -124.74 -116.11 -4.64 140 -95.55 -116.11 -116.11 -116.11 -116.11 140 4.17 4.17 4.17;
projo_pantilt_2 pantilt_2 10.72 16 8.93 8.93 8.57 6.78 10.72 7.15 7.15 10.72 10.72 10.72 10.72 10.72 1.5 2.51 2.51 2.51;
projo_pantilt_2 pantilt_1 40.67 16 12.51 41.33 -100 43.33 82 -94 -94 40.67 82 82 82 82 -100 -78.4 -78.4 -78.4;
projo_pantilt_1 mode3 0 32 0 0 0 0 0 0 0 0 0 0 0 0 0 0 0 0 0 0 0 0 0 0 0 0 0 0 0 0 0 0 0 0;
projo_pantilt_1 mode2 0 32 0 0 0 0 0 0 0 0 0 0 0 0 0 0 0 0 0 0 0 0 0 0 0 0 0 0 0 0 0 0 0 0;
projo_pantilt_1 mode1 0 32 0 0 0 0 0 0 0 0 0 0 0 0 0 0 0 0 0 0 0 0 0 0 0 0 0 0 0 0 0 0 0 0;
projo_pantilt_1 lumiere3 0 32 0 0 0 0 0 0 0 0 0 0 0 0 0 0 0 0 0 0 0 0 0 0 0 0 0 0 0 0 0 0 0 0;
projo_pantilt_1 lumiere2 0 32 0 0 0 0 100 0 0 0 0 0 0 0 80 0 0 0 0 0 0 0 0 0 0 0 0 0 0 0 0 0 0 0;
projo_pantilt_1 lumiere1 100 32 0 100 100 100 100 100 100 100 0 0 100 0 80 0 0 0 0 0 0 0 0 0 0 0 0 0 0 0 0 0 0 0;
projo_pantilt_1 rotation -83.31 32 140 -62.56 42.53 -105 34.23 2.43 140 -83.31 34.23 34.23 34.23 34.23 140 -47.6 -47.6 -47.6 0 0 0 0 0 0 0 0 0 0 0 0 0 0 0 0;
projo_pantilt_1 pantilt_2 11.96 32 9.99 8.04 6.08 10 15.88 19.8 19.8 11.96 15.88 15.88 15.88 15.88 11.96 20.4 20.4 20.4 0 0 0 0 0 0 0 0 0 0 0 0 0 0 0 0;
projo_pantilt_1 pantilt_1 58.06 32 -3.27 44.82 -70.86 85.24 -75.74 -38.11 -38.11 58.06 -75.74 -75.74 -75.74 -75.74 -34.49 14.48 14.48 14.48 0 0 0 0 0 0 0 0 0 0 0 0 0 0 0 0;
